Valeurs brutes : 484, 474, 476, 478, 472, 480, 476, 480, 470, 478, 486, 480, 478, 478, 474, 470, 480, 476, 474, 480, 474, 476, 480, 468, 480, 478, 486, 474, 478, 480, 478, 478, 476, 474, 472, 476, 476, 476, 478, 470
min=468 mm  max=486 mm  mean=476.8 mm  sd=4.0 mm  median=477 mm  valid=40
Downlink/ACK received: rssi = -106, snr = 1, datarate = 5
Send⸮Valeurs brutes : 246, 480, 476, 474, 478, 478, 476, 0, 476, 468, 480, 470, 478, 472, 476, 482, 470, 482, 478, 484, 472, 480, 486, 476, 486, 472, 474, 476, 476, 482, 476, 478, 466, 482, 474, 476, 472, 474, 476, 474
min=466 mm  max=486 mm  mean=476.5 mm  sd=4.6 mm  median=476 mm  valid=38
Downlink/ACK received: rssi = -110, snr = -8, datarate = 5
Send⸮Valeurs brutes : 286, 472, 472, 476, 482, 474, 484, 478, 476, 472, 482, 478, 474, 476, 482, 478, 478, 476, 478, 480, 484, 472, 478, 480, 480, 480, 482, 476, 478, 478, 470, 476, 482, 472, 476, 480, 476, 480, 480, 476
min=470 mm  max=484 mm  mean=477.5 mm  sd=3.5 mm  median=478 mm  valid=39
Send⸮Valeurs brutes : 0, 478, 480, 474, 472, 472, 476, 478, 478, 470, 478, 480, 476, 482, 482, 480, 484, 474, 474, 474, 480, 474, 470, 470, 478, 476, 460, 474, 476, 474, 474, 482, 470, 478, 480, 478, 468, 484, 472, 472
min=468 mm  max=484 mm  mean=476.1 mm  sd=4.1 mm  median=476 mm  valid=38
Send OValeurs brutes : 472, 0, 476, -2, 474, 474, 480, 482, 474, 474, 474, 476, 474, 484, 476, 476, 480, 0, 476, 472, 474, 474, 482, 470, 474, 470, 472, 468, 476, 0, 484, 484, 480, 476, 474, 468, 480, 480, 472, 478
min=468 mm  max=484 mm  mean=475.8 mm  sd=4.3 mm  median=475 mm  valid=36
Downlink/ACK received: rssi = -106, snr = 0, datarate = 5
Send⸮Valeurs brutes : 478, 474, 478, 474, 474, 472, 478, 474, 474, 480, 474, 478, 478, 484, 0, 472, 472, 474, 476, 478, 474, 474, 484, 476, 472, 478, 0, 480, 478, 480, 468, 484, 478, 478, 470, 476, 480, 476, 480, 472
min=468 mm  max=484 mm  mean=476.3 mm  sd=3.7 mm  median=476 mm  valid=38
Send⸮Valeurs brutes : 0, 484, 482, 484, 478, 478, 476, 480, 478, 472, 476, 480, 480, 478, 478, 472, 0, 478, 476, 482, 468, 480, 478, -2, 482, 0, 478, 484, 474, 478, 476, 474, 472, 0, 476, 482, 474, 480, 470, 482
min=468 mm  max=484 mm  mean=477.7 mm  sd=3.9 mm  median=478 mm  valid=35
Send⸮Valeurs brutes : 310, 478, 482, 478, 474, 476, 472, 474, 476, 474, 478, 480, 480, 472, 476, 482, 474, 482, 478, 474, 476, 476, 484, 474, 472, 484, 476, 478, 472, 480, 484, 476, 480, 472, 466, 474, 480, 472, 468, 480
min=466 mm  max=484 mm  mean=476.5 mm  sd=4.2 mm  median=476 mm  valid=39
Send Valeurs brutes : 0, 476, 478, 470, 472, 474, 468, 474, 466, 478, 470, 478, 484, 478, 478, 486, 482, 474, 476, 474, 476, 480, 472, 482, 478, 480, 472, 468, 0, 482, 480, 0, 470, 474, 476, 474, 468, 472, 0, 480
min=466 mm  max=484 mm  mean=475.3 mm  sd=4.6 mm  median=476 mm  valid=35
Send OValeurs brutes : 478, 478, 470, 478, 470, 478, 480, 476, 482, 478, 470, 478, 480, 474, 472, 474, 472, 476, 476, 472, 472, 0, 480, 476, 474, 478, 482, 476, 474, 484, 470, 474, 468, 476, 0, 480, 476, 474, 478, 476
min=468 mm  max=484 mm  mean=475.8 mm  sd=3.7 mm  median=476 mm  valid=38
Send OValeurs brutes : 474, 0, 482, 476, 478, 476, 476, 476, 466, 472, 474, 472, 476, 470, 482, 468, 470, 480, 0, 474, 476, 476, 474, 478, 470, 470, 0, 476, 470, 478, 478, 468, 474, 476, 0, 474, 480, 472, 474, 476
min=466 mm  max=482 mm  mean=474.5 mm  sd=3.8 mm  median=475 mm  valid=36
Send⸮Valeurs brutes : 482, 478, 0, 482, 480, 484, 474, 476, 484, 476, 476, 480, 480, 468, 474, 474, 468, 0, 476, 468, 480, 474, 476, 478, 476, 470, 478, 478, 474, 0, 474, 476, 472, 476, 474, 0, 478, 474, 472, 480
min=468 mm  max=484 mm  mean=476.1 mm  sd=4.1 mm  median=476 mm  valid=36
Send OValeurs brutes : 240, 476, 482, 0, 482, 478, 470, 476, 480, 474, 482, 470, 480, 468, 472, 470, 474, 472, 482, 476, 476, 478, 482, 480, 0, 478, 478, 478, 472, 478, 480, 484, 484, 478, 476, 474, 480, 474, 482, 478
min=468 mm  max=484 mm  mean=477.1 mm  sd=4.2 mm  median=478 mm  valid=37
Downlink/ACK received: rssi = -105, snr = 1, datarate = 5
Send⸮Valeurs brutes : 0, 474, -1, 472, 480, 478, 474, 476, 0, 476, 478, 470, 472, 476, 476, 486, 474, 484, 480, 478, 476, 476, 482, 474, 480, 482, 476, 474, 474, 472, 482, 478, 478, 470, 0, 476, 474, 482, 480, 472
min=470 mm  max=486 mm  mean=476.7 mm  sd=3.9 mm  median=476 mm  valid=36
Downlink/ACK received: rssi = -107, snr = -2, datarate = 5
Send⸮Valeurs brutes : 474, 478, 480, 480, 476, 476, 472, 480, 468, 478, 474, 474, 474, 468, 480, 476, 474, 474, 476, 474, 470, 478, 474, 474, 470, 474, 474, 478, 480, 476, 476, 474, 480, 478, 472, 478, 478, 474, 468, 468
min=468 mm  max=480 mm  mean=475.0 mm  sd=3.5 mm  median=474 mm  valid=40
Send Valeurs brutes : 476, 472, 470, 480, 468, 474, 472, 478, 470, 474, 480, 478, 486, 476, 474, 478, 474, 482, 476, 474, 480, 478, -1, 472, 474, 482, 482, 484, 476, 476, 476, 470, 476, 480, 476, 476, 476, 474, 474, 0
min=468 mm  max=486 mm  mean=476.2 mm  sd=4.0 mm  median=476 mm  valid=38
Send OValeurs brutes : 144, 476, 472, 476, 478, 482, 480, 478, 0, 480, 486, 474, 474, 486, 478, 480, 484, 474, 476, 474, 474, 468, 476, 480, 0, 478, 472, 476, 474, 476, 468, 478, 474, 476, 482, 472, 470, 476, 478, 478
min=468 mm  max=486 mm  mean=476.6 mm  sd=4.2 mm  median=476 mm  valid=37
Send OValeurs brutes : 0, 478, 476, 472, 478, 476, 474, 474, 470, 476, 476, 0, 476, 480, 480, 476, 482, 476, 478, 480, 476, 474, 480, 474, 476, 472, 486, 476, 474, 466, 478, 482, 480, 468, 0, 470, 472, 478, 476, 480
min=466 mm  max=486 mm  mean=476.1 mm  sd=4.0 mm  median=476 mm  valid=37
Send⸮Valeurs brutes : 338, 476, 482, 470, 476, 482, 474, -1, 468, 472, 472, 478, 476, 478, 472, 478, 472, 478, 470, 478, 472, 470, 468, 482, 478, 478, 478, 478, -1, 478, 478, 468, 472, 0, 484, 478, 478, 470, 476, 476
min=468 mm  max=484 mm  mean=475.4 mm  sd=4.2 mm  median=476 mm  valid=36
Send⸮Valeurs brutes : 0, 478, 486, 474, 474, 474, 476, 476, 486, 478, 466, 472, 480, 476, 472, 474, 470, 470, 478, -2, 474, 478, 472, 476, 480, 478, 478, 478, 470, 478, 480, 0, 478, 474, 478, 480, 482, 472, 466, 0
min=466 mm  max=486 mm  mean=475.9 mm  sd=4.5 mm  median=476 mm  valid=36
Send⸮Valeurs brutes : 0, 476, 476, 478, 478, 472, 476, 0, 472, 470, 474, 480, 482, 480, 466, 476, 478, 470, 476, 478, 474, 476, 474, 476, 474, 480, 472, 470, 470, 478, 480, 476, 474, 472, 478, 472, 0, 468, 484, 476
min=466 mm  max=484 mm  mean=475.2 mm  sd=3.9 mm  median=476 mm  valid=37
Send OValeurs brutes : 104, 472, 478, 474, 480, 476, 476, 476, 472, 482, 478, 0, 472, 470, 472, 474, 478, 472, 476, 476, 472, 0, 468, 476, 470, 472, 474, 474, 472, 478, 470, 478, 474, 0, 470, 478, 476, 474, 472, 462
min=468 mm  max=482 mm  mean=474.3 mm  sd=3.2 mm  median=474 mm  valid=35
Send OValeurs brutes : 0, 0, 484, 470, 474, 478, 474, 466, 472, 474, 482, 470, 470, 476, 470, 478, 480, 474, 0, 478, 476, 476, 474, 470, 478, 478, 0, 480, 466, 482, 486, 468, 474, 0, 474, 468, 480, 476, 472, 0
min=466 mm  max=484 mm  mean=474.6 mm  sd=4.6 mm  median=474 mm  valid=33
Send Valeurs brutes : 478, 474, 472, 470, 476, 472, 478, 478, 478, 478, 478, 472, 476, 474, 476, 478, 476, 474, 474, 470, 480, 484, 474, 474, 472, 476, 476, 480, 474, 468, 478, 476, 480, 480, 478, 478, 470, 480, 474, 478
min=468 mm  max=484 mm  mean=475.8 mm  sd=3.4 mm  median=476 mm  valid=40
Send OValeurs brutes : 0, 472, 470, 486, 474, 478, 474, 482, 472, 0, 474, 480, 472, 468, 484, 472, 478, 476, 480, 468, 474, 480, 474, 472, 476, 472, 464, 476, 476, 472, 482, 472, 478, 466, 474, 476, 480, 482, 474, 478
min=464 mm  max=484 mm  mean=474.9 mm  sd=4.6 mm  median=474 mm  valid=37
Downlink/ACK received: rssi = -108, snr = -2, datarate = 5
Send⸮Valeurs brutes : 478, 476, 472, 476, 478, 474, 478, 478, 476, 476, 478, 474, 474, 468, 472, 478, 472, 476, 472, 476, 478, 476, 480, 472, 472, 470, 480, 476, 474, 476, 482, 476, 478, 476, 480, 476, 472, 474, 472, 472
min=468 mm  max=482 mm  mean=475.4 mm  sd=3.0 mm  median=476 mm  valid=40
Send⸮Valeurs brutes : 482, 472, -1, 476, 480, 472, 474, 478, 476, 474, 474, 476, 484, 478, 470, 472, 472, 464, 474, 476, 472, 474, 480, 474, 470, 476, 476, 476, 478, 470, 478, 474, 478, 478, 476, 470, 480, 474, 476, 472
min=470 mm  max=484 mm  mean=475.3 mm  sd=3.3 mm  median=476 mm  valid=38
Send⸮Valeurs brutes : 470, 472, 470, 468, 476, 482, 482, 480, 476, 474, 474, 480, 476, 478, 480, 478, 480, 484, 482, 474, 470, 478, 476, 474, 478, 476, 0, 482, 480, 478, 480, 474, 476, 478, 474, 482, 474, 478, 474, 476
min=468 mm  max=484 mm  mean=476.8 mm  sd=3.8 mm  median=476 mm  valid=39
Send OValeurs brutes : 478, 480, 470, 480, 470, 472, 474, 472, 470, 482, 468, 470, 474, 478, 476, 480, 482, -1, 480, 472, 472, 476, 468, 470, 470, 470, 476, 470, 478, 476, 478, 474, 472, 478, 476, 480, 476, 480, 476, 476
min=468 mm  max=482 mm  mean=474.9 mm  sd=4.1 mm  median=476 mm  valid=39
Send OValeurs brutes : 0, 480, 478, 476, 472, 476, 478, 468, 476, 486, 478, 480, 470, 472, 476, 476, 476, 478, 476, 482, 474, 472, 470, 472, 478, 474, 474, 468, 476, 472, 468, 474, 476, 474, 476, 478, 478, 476, 480, -2
min=468 mm  max=486 mm  mean=475.4 mm  sd=3.8 mm  median=476 mm  valid=38
Send⸮Valeurs brutes : 478, 478, 478, 476, 472, 466, 476, 480, 470, 480, 476, 474, 480, 478, 474, 472, 480, 474, 478, 474, 472, 472, 474, 480, 472, 476, 480, 476, 480, 470, 478, 474, 478, 476, 476, 476, 476, 478, 472, 472
min=466 mm  max=480 mm  mean=475.6 mm  sd=3.3 mm  median=476 mm  valid=40
Send OValeurs brutes : 476, 472, 470, 478, 472, 474, 468, 472, 478, 476, 472, 480, 474, 470, 478, 478, 474, 472, 472, 478, 474, 476, 474, 482, 468, 474, 476, 472, 482, 472, 480, 482, 472, 476, 474, 476, 476, 476, 476, 474
min=468 mm  max=482 mm  mean=474.9 mm  sd=3.5 mm  median=474 mm  valid=40
Send Valeurs brutes : 482, 478, 482, 476, 472, 476, 476, 476, 482, 474, 482, 468, 470, 484, 476, 472, 476, 478, 480, 464, 474, 476, 480, 478, 480, 478, 472, 478, 476, 476, 482, 484, 472, 474, 482, 476, 480, 480, 476, 484
min=468 mm  max=484 mm  mean=477.4 mm  sd=4.0 mm  median=476 mm  valid=39
Send OValeurs brutes : 484, 474, 476, 478, 480, 478, 474, 482, 476, 470, 476, 478, 472, 474, 480, 476, 476, 474, 478, 474, 480, 472, 474, 476, 472, 478, 476, 472, 480, 480, 476, 476, 478, 478, 478, 482, 468, 462, 480, 476
min=468 mm  max=484 mm  mean=476.5 mm  sd=3.4 mm  median=476 mm  valid=39
Send OValeurs brutes : 474, 474, 478, 472, 480, 474, 470, 474, 482, 478, 480, 468, 474, 484, 480, 476, 472, 478, 478, 480, 474, 470, 476, 480, 478, 478, 478, 476, 478, 474, 482, 470, 468, 480, 480, 478, 466, 476, 476, 480
min=468 mm  max=484 mm  mean=476.4 mm  sd=3.9 mm  median=478 mm  valid=39
Send OValeurs brutes : 480, 478, 478, 476, 478, 478, 472, 480, 484, 480, 476, 472, 476, 482, 470, 474, 468, 476, 474, 482, 474, 478, 478, 476, 478, 472, 472, 0, 482, 474, 478, 466, 0, 476, 478, 472, 478, 476, 476, 474
min=466 mm  max=484 mm  mean=476.1 mm  sd=3.8 mm  median=476 mm  valid=38
Send OValeurs brutes : 468, 474, 472, 480, 478, 480, 476, 476, 474, 474, 472, 478, 478, 478, 478, 480, 474, 472, 474, 478, 476, 478, 470, 478, 476, 476, 478, 480, 476, 472, 474, 468, 476, 474, 472, 476, 476, 472, 478, 474
min=468 mm  max=480 mm  mean=475.4 mm  sd=3.1 mm  median=476 mm  valid=40
Send⸮Valeurs brutes : 480, 474, 0, 470, 478, 476, 476, 478, 478, 474, 482, 474, 478, 472, 474, 476, 478, 482, 482, 478, 476, 474, 482, 474, 482, 478, 0, 472, 470, 470, 480, 470, 470, 478, 472, 472, 480, 474, 468, 474
min=468 mm  max=482 mm  mean=475.7 mm  sd=4.0 mm  median=476 mm  valid=38
Send OValeurs brutes : 474, 478, 480, 474, 476, 472, 474, 474, 476, 478, 474, 476, 484, 470, 474, 478, 482, 472, 478, 480, 474, 468, 472, 472, 472, 476, 478, 478, 472, 480, 480, 476, 472, 472, 474, 476, 480, 478, 478, 474
min=468 mm  max=484 mm  mean=475.7 mm  sd=3.4 mm  median=476 mm  valid=40
Send OValeurs brutes : 478, 474, 476, 474, 474, 476, 478, 472, 474, 474, 472, 470, 476, 478, 476, 474, 472, 478, 478, 474, 472, 474, 474, 476, 474, 476, 478, 478, 482, 474, 476, 474, 476, 476, 478, 476, 478, 480, 480, 476
min=470 mm  max=482 mm  mean=475.7 mm  sd=2.5 mm  median=476 mm  valid=40
Send⸮Valeurs brutes : 474, 478, 472, 476, 470, 474, 478, 472, 478, 478, 470, 478, 474, 480, 482, 476, 474, 476, 476, 478, 472, 476, 476, 482, 478, 466, 474, 482, 474, 476, 468, 468, 478, 474, 474, 472, 480, 474, 476, 482
min=466 mm  max=482 mm  mean=475.4 mm  sd=3.9 mm  median=476 mm  valid=40
Send Valeurs brutes : 480, 476, 478, 480, 482, 480, 478, 478, 476, 472, 480, 480, 474, 474, 478, 474, 470, 480, 474, 480, 474, 476, 472, 480, 474, 476, -1, 472, 476, 470, 472, 464, 470, 476, 480, 484, 470, 480, 472, 472
min=470 mm  max=484 mm  mean=476.1 mm  sd=3.8 mm  median=476 mm  valid=38
Downlink/ACK received: rssi = -107, snr = -2, datarate = 5
Send⸮Valeurs brutes : 478, 476, 476, 468, 478, 472, 474, 472, 474, 476, 480, 476, 480, 472, 480, 482, 474, 476, 478, 476, 474, 476, 478, 468, 476, 478, 472, 482, 478, 476, 472, 472, 474, 474, 476, 476, 470, 472, 480, 476
min=468 mm  max=482 mm  mean=475.5 mm  sd=3.3 mm  median=476 mm  valid=40
Send⸮Valeurs brutes : 486, 482, 480, 474, 474, 482, 480, 478, 478, 476, 480, 478, 482, 474, 482, 480, 478, 476, 474, 480, 484, 484, 478, 478, 476, 484, 478, 480, 478, 482, 484, 474, 480, 476, 484, 482, 490, 482, 486, 480
min=474 mm  max=490 mm  mean=479.9 mm  sd=3.7 mm  median=480 mm  valid=40
Send